step	post	likelihood	prior	alpha.dogs	alpha.cows	alpha.asymp
1	-33.18291	-33.18291	0	0.3333333	0.3333333	0.3333333
200	-21.03837	-21.03837	0	0.001739079	0.2380085	0.7602524
400	-22.17133	-22.17133	0	0.07743077	0.09422526	0.828344
600	-22.45449	-22.45449	0	0.1502534	0.1373726	0.712374
800	-24.78999	-24.78999	0	0.2498523	0.1663352	0.5838126
1000	-22.91658	-22.91658	0	0.154758	0.1854446	0.6597974
1200	-23.00985	-23.00985	0	0.139522	0.03830813	0.8221699
1400	-21.39951	-21.39951	0	0.03884209	0.2232523	0.7379057
1600	-21.89432	-21.89432	0	0.1006655	0.1395378	0.7597967
1800	-22.13103	-22.13103	0	0.09887719	0.2054271	0.6956957
2000	-22.81977	-22.81977	0	0.06374627	0.3108501	0.6254037
2200	-21.73833	-21.73833	0	0.05727852	0.2359445	0.706777
2400	-22.11866	-22.11866	0	0.0758222	0.09772234	0.8264555
2600	-21.89196	-21.89196	0	0.01462178	0.3149448	0.6704334
2800	-21.32077	-21.32077	0	0.005738726	0.1607039	0.8335574
3000	-21.50937	-21.50937	0	0.0381859	0.2424417	0.7193724
3200	-23.9885	-23.9885	0	0.1718221	0.2325154	0.5956625
3400	-22.24434	-22.24434	0	0.09006347	0.2323766	0.6775599
3600	-22.20661	-22.20661	0	0.0007395019	0.3539805	0.64528
3800	-22.10499	-22.10499	0	0.0488035	0.2834077	0.6677888
4000	-21.65701	-21.65701	0	0.0538869	0.1342094	0.8119037
4200	-21.1813	-21.1813	0	0.02103854	0.1902357	0.7887258
4400	-22.06384	-22.06384	0	0.09753151	0.1997223	0.7027462
4600	-22.12733	-22.12733	0	0.01321209	0.3331842	0.6536037
4800	-21.93303	-21.93303	0	0.1030741	0.1301306	0.7667953
5000	-21.4253	-21.4253	0	0.04915413	0.1977852	0.7530606
5200	-21.67495	-21.67495	0	0.04433204	0.2514796	0.7041883
5400	-22.34015	-22.34015	0	0.1434269	0.1010276	0.7555454
5600	-21.30651	-21.30651	0	0.02484568	0.166735	0.8084193
5800	-21.65216	-21.65216	0	0.07465685	0.1545486	0.7707945
6000	-21.76914	-21.76914	0	0.08812596	0.1542193	0.7576548
6200	-22.17442	-22.17442	0	0.06062697	0.2717014	0.6676717
6400	-21.45131	-21.45131	0	0.001036158	0.2976944	0.7012694
6600	-22.18908	-22.18908	0	0.06891768	0.2605893	0.670493
6800	-21.78931	-21.78931	0	0.06237618	0.232739	0.7048848
7000	-21.47238	-21.47238	0	0.05474214	0.1674565	0.7778014
7200	-22.43299	-22.43299	0	0.1541049	0.1085255	0.7373696
7400	-23.45729	-23.45729	0	0.2418871	0.0639958	0.6941171
7600	-21.63732	-21.63732	0	0.01954244	0.2872303	0.6932272
7800	-23.11542	-23.11542	0	0.03885524	0.3583056	0.6028392
8000	-22.5117	-22.5117	0	0.05312465	0.3058671	0.6410082
8200	-21.38872	-21.38872	0	0.002131271	0.1553644	0.8425043
8400	-22.22634	-22.22634	0	0.07833333	0.2493525	0.6723142
8600	-22.662	-22.662	0	0.1228072	0.05932405	0.8178687
8800	-21.78388	-21.78388	0	0.04609384	0.1229644	0.8309418
9000	-23.25215	-23.25215	0	0.226186	0.06915997	0.704654
9200	-21.80889	-21.80889	0	0.07959809	0.2006902	0.7197118
9400	-21.72442	-21.72442	0	0.03799746	0.266984	0.6950185
9600	-21.67377	-21.67377	0	0.0583695	0.2255663	0.7160642
9800	-22.80756	-22.80756	0	0.04125202	0.3388251	0.6199229
10000	-22.31374	-22.31374	0	0.1367773	0.1472208	0.7160019
10200	-22.30317	-22.30317	0	0.05057555	0.2954007	0.6540237
10400	-22.95024	-22.95024	0	0.1283447	0.2297461	0.6419092
10600	-22.49912	-22.49912	0	0.1603429	0.1025079	0.7371492
10800	-23.68129	-23.68129	0	0.03882412	0.05880564	0.9023702
11000	-24.14226	-24.14226	0	0.08565959	0.3509978	0.5633426
11200	-22.18896	-22.18896	0	0.09151585	0.09197151	0.8165126
11400	-23.41097	-23.41097	0	0.209638	0.1338001	0.6565619
11600	-21.96865	-21.96865	0	0.09958028	0.1166412	0.7837785
11800	-22.64667	-22.64667	0	0.167526	0.1263944	0.7060795
12000	-22.54942	-22.54942	0	0.1337104	0.1871998	0.6790898
12200	-22.03421	-22.03421	0	0.0809906	0.2270017	0.6920077
12400	-22.22	-22.22	0	0.08072456	0.245094	0.6741814
12600	-22.74114	-22.74114	0	0.1647279	0.05621401	0.7790581
12800	-21.05614	-21.05614	0	0.007622216	0.207811	0.7845668
13000	-22.63458	-22.63458	0	0.152859	0.1598525	0.6872886
13200	-21.07655	-21.07655	0	0.005471927	0.237676	0.7568521
13400	-22.31265	-22.31265	0	0.1316394	0.0899345	0.7784261
13600	-21.56436	-21.56436	0	0.05239048	0.2215541	0.7260554
13800	-21.82128	-21.82128	0	0.02749201	0.1235203	0.8489877
14000	-21.75952	-21.75952	0	0.06734089	0.219492	0.7131671
14200	-23.8791	-23.8791	0	0.1884019	0.2026649	0.6089332
14400	-21.18395	-21.18395	0	0.004653478	0.1747571	0.8205894
14600	-22.1528	-22.1528	0	0.04610588	0.2908262	0.6630679
14800	-21.74153	-21.74153	0	0.08425731	0.1689328	0.7468099
15000	-21.52007	-21.52007	0	0.02815796	0.2617607	0.7100814
15200	-22.69523	-22.69523	0	0.1756047	0.1107742	0.7136212
15400	-22.15765	-22.15765	0	0.1191381	0.1033144	0.7775475
15600	-21.49562	-21.49562	0	0.05868111	0.1801429	0.761176
15800	-23.09877	-23.09877	0	0.0857752	0.2983217	0.6159031
16000	-21.30082	-21.30082	0	0.03636763	0.1857679	0.7778645
16200	-23.63546	-23.63546	0	0.1079861	0.2987523	0.5932615
16400	-21.95741	-21.95741	0	0.1073972	0.1375782	0.7550245
16600	-23.43536	-23.43536	0	0.1271868	0.2623885	0.6104247
16800	-23.08386	-23.08386	0	0.1035264	0.04584724	0.8506264
17000	-22.72652	-22.72652	0	0.176923	0.0684929	0.7545841
17200	-21.72903	-21.72903	0	0.06558901	0.1297021	0.8047089
17400	-23.58419	-23.58419	0	0.2531552	0.05353534	0.6933095
17600	-21.50939	-21.50939	0	0.04158797	0.2357807	0.7226314
17800	-22.26602	-22.26602	0	0.05154358	0.09511199	0.8533444
18000	-21.61411	-21.61411	0	0.04257984	0.247583	0.7098371
18200	-22.47866	-22.47866	0	0.1579388	0.09729574	0.7447655
18400	-21.29853	-21.29853	0	0.02801302	0.229583	0.742404
18600	-21.95724	-21.95724	0	0.04255511	0.1127075	0.8447374
18800	-22.81107	-22.81107	0	0.06035705	0.3147351	0.6249079
19000	-21.21777	-21.21777	0	0.02511442	0.2159563	0.7589293
19200	-22.34318	-22.34318	0	0.102331	0.2213596	0.6763094
19400	-22.35801	-22.35801	0	0.1025816	0.2223156	0.6751028
19600	-21.86437	-21.86437	0	0.007057431	0.3230896	0.6698529
19800	-22.72911	-22.72911	0	0.1304756	0.2094037	0.6601207
20000	-24.60929	-24.60929	0	0.2039772	0.221313	0.5747097
20200	-22.71984	-22.71984	0	0.1692051	0.06115771	0.7696371
20400	-22.81362	-22.81362	0	0.1471207	0.04803345	0.8048458
20600	-23.07001	-23.07001	0	0.203069	0.1058771	0.6910539
20800	-21.49744	-21.49744	0	0.01382349	0.1462555	0.8399211
21000	-23.75051	-23.75051	0	0.2207016	0.1437897	0.6355087
21200	-21.92656	-21.92656	0	0.1039986	0.1373961	0.7586054
21400	-21.37649	-21.37649	0	0.009276972	0.2772212	0.7135018
21600	-21.31255	-21.31255	0	5.94812e-05	0.2851569	0.7147836
21800	-22.00811	-22.00811	0	0.009612666	0.3298543	0.6605331
22000	-21.28027	-21.28027	0	0.03407767	0.187962	0.7779603
22200	-23.63282	-23.63282	0	0.2234513	0.1291521	0.6473967
22400	-22.48363	-22.48363	0	0.03038055	0.3336681	0.6359513
22600	-21.47503	-21.47503	0	0.05121763	0.1593293	0.789453
22800	-22.711	-22.711	0	0.05663047	0.3136215	0.629748
23000	-22.21988	-22.21988	0	0.04135045	0.3021996	0.6564499
23200	-24.18458	-24.18458	0	0.1535489	0.2674664	0.5789847
23400	-25.05535	-25.05535	0	0.2105715	0.2341129	0.5553156
23600	-22.39479	-22.39479	0	0.1301219	0.1763496	0.6935285
23800	-21.43207	-21.43207	0	0.03916949	0.2286112	0.7322193
24000	-21.71311	-21.71311	0	0.0527991	0.24103	0.7061709
24200	-22.25687	-22.25687	0	0.1328338	0.1012254	0.7659407
24400	-21.88652	-21.88652	0	0.09831044	0.1633801	0.7383094
24600	-21.28302	-21.28302	0	0.01941763	0.1673683	0.8132141
24800	-21.90089	-21.90089	0	0.1011617	0.1379224	0.760916
25000	-22.16694	-22.16694	0	0.1187108	0.1679877	0.7133015
25200	-23.30431	-23.30431	0	0.2322644	0.04689766	0.7208379
25400	-21.59037	-21.59037	0	0.04647284	0.2374579	0.7160693
25600	-24.63234	-24.63234	0	0.2001776	0.2276473	0.5721751
25800	-22.25749	-22.25749	0	0.06719734	0.268567	0.6642357
26000	-21.28814	-21.28814	0	0.03456046	0.1849542	0.7804853
26200	-22.77768	-22.77768	0	0.09794318	0.2618897	0.6401671
26400	-21.93221	-21.93221	0	0.101058	0.125845	0.773097
26600	-21.78648	-21.78648	0	0.08983175	0.1581029	0.7520653
26800	-22.8711	-22.8711	0	0.1907729	0.0602328	0.7489943
27000	-21.78805	-21.78805	0	0.07923205	0.1979417	0.7228263
27200	-21.67473	-21.67473	0	0.0771027	0.1745093	0.748388
27400	-21.55183	-21.55183	0	0.06005264	0.1993116	0.7406357
27600	-21.8728	-21.8728	0	0.0515162	0.2597484	0.6887355
27800	-25.41294	-25.41294	0	0.2746143	0.1636079	0.5617778
28000	-21.87747	-21.87747	0	0.09547163	0.1715988	0.7329296
28200	-21.80504	-21.80504	0	0.06627641	0.2274533	0.7062703
28400	-22.65664	-22.65664	0	0.09107651	0.263346	0.6455774
28600	-21.87237	-21.87237	0	0.006530281	0.1267553	0.8667145
28800	-22.94442	-22.94442	0	0.2005036	0.06591776	0.7335787
29000	-21.27222	-21.27222	0	0.01695872	0.2497757	0.7332655
29200	-23.02364	-23.02364	0	0.2009813	0.1032309	0.6957878
29400	-21.27315	-21.27315	0	0.03022256	0.1789511	0.7908263
29600	-21.99238	-21.99238	0	0.09733204	0.1899164	0.7127516
29800	-21.16881	-21.16881	0	0.01925931	0.1905094	0.7902312
30000	-21.42614	-21.42614	0	0.05094378	0.1861372	0.762919